***** Eval results test *****
Data Count = 2129
UnigramRecall = 0.32452604434360377
UnigramPrecision = 0.3144548103497854
1GramDiversity = 0.9009363039792391
2GramDiversity = 0.9478686087435465
3GramDiversity = 0.9166956872808437
4GramDiversity = 0.8817896955595851
Corpus1GramDiversity = 0.02429267458757159
Corpus2GramDiversity = 0.12134370459013591
Corpus3GramDiversity = 0.22815625267116849
Corpus4GramDiversity = 0.30535943243012226
BLEU = 9.987527788081909
rouge1 = 36.41220436700327
rouge2 = 14.412993364572984
rougeL = 28.43585276192004
rougeLsum = 28.43585276192004
***** Eval results test *****
Data Count = 2129
UnigramRecall = 0.31866102194369084
UnigramPrecision = 0.3138065049906405
1GramDiversity = 0.9044518472501354
2GramDiversity = 0.9489004369375927
3GramDiversity = 0.9166057179737565
4GramDiversity = 0.8807588151280846
Corpus1GramDiversity = 0.025449179758701503
Corpus2GramDiversity = 0.1259612880826317
Corpus3GramDiversity = 0.23617741515493446
Corpus4GramDiversity = 0.3156323235830223
BLEU = 10.146808541064674
rouge1 = 36.17385952770485
rouge2 = 14.514511431187321
rougeL = 28.48642234083741
rougeLsum = 28.48642234083741
